1.428488291999594821e+02
1.300862322656236074e+02
1.771290613150924287e+02
1.283247797993005008e+02
1.653383220033694556e+02
1.420020029978600178e+02
1.446384408159618999e+02
1.277854587324885784e+02
1.964375188803824983e+02
1.153584393246260333e+02
1.095038420915101938e+02
1.932421058559515359e+02
9.716295569270009480e+01
1.841115190356493940e+02
1.854854380507658220e+02
1.703029681856074262e+02
1.824093893824090742e+02
1.855698739390758192e+02
1.717247624696254320e+02
1.867426949435986785e+02
1.994879604976131873e+02
1.231178037940532164e+02
1.565170242445349231e+02
1.135984621808699160e+02
1.332115099293710614e+02
1.956349911459499253e+02
1.448645278030367649e+02
9.556982684335821432e+01
1.729199183498502634e+02
1.908128173223184092e+02
1.577390672555573587e+02
1.332481637264546066e+02
2.122719155381691962e+02
1.578831261702861752e+02
1.537312930863151053e+02
1.667374054079487848e+02
2.088382892559754680e+02
1.225407213120041519e+02
1.189977604625603931e+02
1.401637267142828023e+02
1.471560064543059241e+02
2.106602659149199326e+02
1.899348330424045344e+02
2.318522844235146749e+02
1.685900832213163767e+02
1.261823353511310444e+02
1.170781223760840817e+02
1.434013141021408444e+02
2.066808200111343581e+02
1.839017040470631628e+02
1.634083006429358136e+02
1.203904240118729803e+02
2.102243361054140678e+02
1.537772898696963466e+02
2.176907506982139466e+02
1.963890151753304849e+02
1.754372418457037952e+02
1.326621500071811113e+02
1.227605248460189244e+02
1.292170191117843956e+02
1.628419318212527287e+02
1.913669448090002732e+02
1.790254137888472314e+02
1.811731478402658126e+02
1.536176477974651107e+02
1.751272150775847649e+02
1.324031445589924658e+02
1.085665426424930331e+02
1.888296526993998441e+02
2.118541584170834540e+02
1.575619792757950393e+02
1.790816497385402215e+02
1.423729144710966352e+02
1.913682594992437771e+02
1.488955684362581451e+02
1.591190028646942380e+02
2.118330767353497208e+02
1.771254273848234106e+02
1.704904928580983778e+02
1.604960807804000922e+02
1.836061400866647944e+02
1.741169808715618501e+02
1.744786792072447099e+02
1.642335286226180813e+02
1.743443944220027220e+02
1.647915190540020944e+02
1.614158072012498053e+02
1.748852357113134417e+02
2.160646447012956628e+02
1.731396671752577276e+02
1.658543246413767065e+02
1.419649552713964340e+02
1.250345268242582080e+02
1.878432334223082023e+02
1.751400404953905650e+02
1.383536927463021584e+02
1.505557912454250413e+02
1.408456293642295805e+02
1.482222483827689246e+02
1.213001088726462910e+02
1.368488419102882858e+02
1.611916353536105362e+02
1.454599957533618237e+02
1.577753534034903282e+02
1.638200976532442326e+02
1.833431547069706085e+02
1.396837826401483937e+02
1.582798536187937088e+02
1.311736478392143965e+02
1.875318593269250869e+02
1.940548696353914977e+02
1.644066908746910087e+02
1.233967065142101660e+02
1.200537935323343675e+02
1.622185822677445231e+02
1.412466336659788340e+02
1.412466336659788340e+02
1.308505034078595202e+02
1.484150060398249593e+02
1.489656592895956351e+02
1.418990541167413539e+02
1.847317707650273064e+02
1.605883897041640580e+02
1.699352507837627400e+02
1.692015778403804518e+02
1.660768571054204017e+02
1.308317946122558055e+02
1.314153736595825421e+02
1.267775097844726133e+02
1.204875457498809794e+02
1.368195016892867386e+02
1.430031552608782306e+02
1.386225659357088205e+02
1.372220655488500825e+02
1.799483896159882192e+02
1.827062414588386048e+02
1.573439626556116764e+02
1.552805664981815710e+02
1.298769514994256156e+02
1.669936900450264829e+02
1.738091220445403451e+02
1.669948132030693273e+02
1.867920880791136256e+02
1.599502774625026973e+02
1.740859553448664769e+02
1.714130601268862506e+02
1.589627868533801802e+02
1.757442469773617120e+02
1.634111270307798804e+02
1.614852630918443595e+02
1.513197856469228668e+02
1.487336608069776389e+02
1.141455076329870764e+02
1.360806971510995425e+02
1.560848088388496251e+02
1.433859927614379615e+02
1.748300377159242771e+02
1.623780355913568201e+02
1.412098805774381844e+02
1.537180804399509384e+02
1.627474656467675231e+02
1.601170508682319280e+02
1.764947505051245571e+02
1.405807967275889609e+02
1.405807967275889609e+02
1.475594141794492202e+02
1.476634106054407880e+02
1.512164442745236670e+02
2.051023149420587686e+02
1.812594735656370517e+02
1.631315751331228796e+02
1.419886353766826232e+02
1.597339336949895312e+02
1.569740990707377364e+02
1.720620154808728444e+02
1.946017000317477255e+02
1.607504770873980533e+02
1.528861255988039716e+02
1.678167779129717303e+02
1.674117401849825910e+02
1.513963549630807961e+02
1.487697589777636722e+02
1.560236010058349052e+02
1.430670861050479061e+02
1.748622614662842807e+02
1.618531641338611280e+02
1.896480158117308292e+02
1.399719388971832927e+02
1.408139268866758584e+02
1.537831380156150090e+02
2.063546685319175822e+02
1.942112856244228851e+02
1.626804738074037004e+02
1.231108729802147508e+02
1.888827249372375832e+02
1.688151268146097550e+02
1.659821634069476204e+02
1.666553703238666628e+02
1.416949544627632918e+02
1.961729268483287001e+02
1.596709191075728995e+02
1.569461777925670560e+02
2.029373984172119378e+02
1.087959000663627478e+02
1.226863202006640705e+02
1.877328931061431661e+02
1.658784323614121945e+02
2.079451711720970764e+02
2.250175943345741416e+02
2.197123268838061563e+02
2.218322802021616837e+02
1.763336275132660944e+02
1.986201250713803574e+02
1.170704104234935414e+02
1.645635599746626099e+02
2.067823606515521533e+02
1.202327814810352464e+02
1.574356423817438895e+02
1.446745838701548337e+02
1.467061195435036325e+02
1.529067502502493880e+02
1.068842748903011852e+02
1.399391795075458447e+02
1.994154030889878300e+02
8.649160105919668240e+01
9.301832330961678963e+01
8.659988952587136168e+01
1.675536593609088811e+02
1.776009361291048947e+02
0.000000000000000000e+00
1.360418906425247485e+02
1.538637633984732531e+02
2.208880312367901695e+02
1.026528353720991049e+02
1.475458909770249534e+02
1.553817465879824908e+02
1.272186405393818518e+02
1.497103080924788401e+02
1.645205049059522935e+02
1.529352009827560721e+02
1.656505521984291249e+02
1.617686891587713660e+02
2.102765983419126314e+02
1.665934397289562696e+02
1.466864454498879695e+02
1.044023764500621496e+02
8.042414571268172097e+01
1.028261360360520200e+02
1.213513570612366124e+02
1.158288390187795187e+02
1.123689367691541037e+02
1.340889372883402757e+02
1.337659486994409406e+02
1.310307580549107058e+02
1.359815766349923649e+02
1.291379866381821557e+02
1.291379866381821557e+02
1.425832041879527026e+02
9.005625641752334332e+01
1.004115868186673026e+02
9.208890501501390702e+01
8.229285464306491349e+01
7.606256746274283387e+01
1.774637830162077137e+02
1.497103080924788401e+02
1.458948312345357294e+02
1.671408268825969117e+02
1.467982269223729759e+02
1.514874570091319015e+02
1.489381624229092438e+02
1.426451472474276443e+02
1.526331766064618591e+02
1.314995661662921407e+02
1.358560186904896909e+02
1.331958198098855064e+02
1.247086403816107492e+02
9.684440979016162032e+01
2.606655771728145510e+02
2.574070103505597444e+02
1.813100724339267344e+02
2.278339815386228224e+02
2.276430218232499101e+02
1.848129153688446706e+02
1.936548920164283913e+02
1.857902150955553680e+02
1.009219549876921462e+02
9.221092306490639601e+01
2.609261922727678780e+02
1.725120023599287435e+02
1.410263780890204544e+02
2.209488241947862832e+02
2.423603169732204492e+02
1.501675462340721197e+02
1.426040519768504566e+02
1.131717972269970005e+02
1.759419989190334661e+02
1.746293822542003795e+02
1.181541232642018713e+02
1.246855204571201625e+02
9.076207653066441594e+01
1.415092752753679406e+02
1.023365964323476760e+02
1.173159986751947770e+02
1.100703990548668116e+02
9.292042301166834761e+01
9.591755043905486389e+01
8.697968598903423754e+01
1.025179987093701186e+02
9.122274529102375595e+01
7.587410104967180757e+01
1.433653265395660981e+02
2.021812699576945533e+02
1.855902203229287579e+02
1.176632590999926293e+02
2.286805286954357257e+02
2.069461829477887136e+02
1.800589871437856573e+02
1.643759661511553531e+02
9.416290986695861420e+01
1.684696984522358321e+02
2.122391160814718205e+02
1.337707551579725020e+02
6.612671827169333483e+01
6.068888570584506681e+01
1.344516862570631588e+02
1.858507343239983811e+02
1.789174152286619233e+02
1.985729577220843680e+02
1.938800717485574978e+02
1.935659025566437208e+02
1.932208369728105026e+02
1.639868557159445857e+02
1.579359042662255206e+02
1.539858259578308264e+02
1.354081897209673571e+02
1.773166340983740383e+02
1.726208480483833796e+02
1.731051813273468269e+02
1.720679993928035287e+02
1.793378760223418453e+02
5.810997661715975937e+01
0.000000000000000000e+00
9.902697538922687670e+01
1.731610686259714100e+02
1.530160173489446720e+02
1.110517319657959945e+02
8.732961368291654480e+01
1.997949501767889160e+02
1.744205748764184420e+02
1.822221384400389752e+02
1.574785715777043151e+02
2.213462987684403629e+02
1.973060809706855139e+02
1.272071966889256771e+02
1.589381756240469770e+02
1.590688340845405548e+02
1.353827451070307006e+02
1.848156897388547577e+02
1.909246466947160457e+02
1.546354644896914294e+02
1.696266043205697542e+02
6.230092814232001786e+01
1.153239275746342116e+02
7.831260316689022716e+01
6.608902431638918529e+01
1.523510682511191021e+02
1.176591811482840342e+02
1.776615226986677953e+02
1.601333136611792156e+02
1.310615458601618002e+02
1.405316935822999085e+02
1.913396609928328189e+02
1.854206221500852791e+02
1.492810235417410070e+02
1.399007054818887354e+02
1.157747349124620797e+02
1.263836414093060085e+02
9.260640853099107517e+01
2.030675067587523586e+02
1.328558777553491836e+02
1.296895153865119141e+02
2.453936624180041974e+02
2.041016291122775215e+02
2.011026806803407112e+02
1.815089847647065255e+02
1.389221029556721305e+02
1.375424383628551084e+02
1.474468784252765090e+02
1.474468784252765090e+02
1.357000553341844125e+02
1.719338673963735289e+02
6.914156673747805826e+01
1.654790835716003130e+02
1.503906408530769738e+02
1.244881397854193068e+02
1.293273207796729025e+02
1.436373349147487488e+02
1.859263007278565283e+02
1.805322782295250477e+02
1.368946722084891690e+02
2.105288412798117577e+02
2.557222758140915744e+02
1.934509390481272249e+02
2.010357908679829677e+02
1.719832277811454446e+02
2.291777686554775926e+02
1.796352134270722161e+02
2.531924159249862782e+02
2.355200636209205811e+02
2.145607394240175267e+02
2.221060235982321842e+02
1.509645272375217928e+02
2.071555914529533595e+02
2.287353250650664904e+02
1.584567054440132097e+02
2.319964429217126849e+02
2.317313570594303940e+02
1.241661871848275354e+02
1.649912652413536023e+02
2.070393150111949581e+02
1.396370609700292675e+02
1.863741872892024105e+02
1.157455129253130224e+02
1.896328789118239797e+02
1.893719425705977528e+02
1.737704594961155919e+02
1.506186720337378517e+02
1.105326306040870747e+02
8.744745051372544253e+01
2.284334920278468246e+02
2.407503111527917099e+02
2.361124198748907475e+02
2.365513317183275603e+02
2.354106180502897701e+02
1.533806998526825396e+02
1.555943235423900717e+02
1.654035390939852164e+02
2.060624626650990763e+02
1.999436442934500349e+02
2.184798090323286033e+02
2.146350852528692599e+02
2.142134999093273393e+02
1.546451781840239619e+02
1.660630139994939327e+02
1.572176334696256959e+02
1.696952122415810322e+02
1.430793939360046068e+02
1.368555727477106529e+02
1.350784132758209068e+02
1.555350181452968172e+02
1.554063164024724983e+02
1.545357840052932943e+02
1.513621278997609068e+02
1.539515613689264910e+02
1.517564851451982406e+02
1.503525278168477257e+02
1.521012390568061505e+02
1.575203068416838619e+02
2.184235558715708407e+02
1.334926537559886697e+02
1.580902899084755404e+02
1.670044776417012997e+02
1.943494772774612329e+02
1.265445565289446392e+02
1.371635591788696047e+02
1.046561687098765390e+02
1.132573114900644384e+02
1.133437912322027046e+02
1.081351173913897412e+02
1.099358746731060137e+02
1.144863033135161601e+02
1.091009434445581689e+02
9.982872383762244795e+01
1.079770049012445980e+02
9.282347955821157370e+01
2.312552415729538211e+02
1.203694319457100335e+02
1.059531009939769461e+02
1.203296677374679007e+02
1.688234072022061696e+02
2.021745996620953747e+02
1.596224693983627390e+02
1.259323257158736027e+02
1.967516736869422402e+02
1.389734154332455205e+02
1.253520393096625156e+02
8.932164681967617526e+01
1.184114783980347170e+02
1.355643237432960291e+02
1.141718322893894850e+02
1.448047686342946463e+02
1.485271147631977442e+02
1.826429099414370967e+02
2.253870448034959111e+02
1.219581307024136407e+02
1.238394205663718424e+02
1.090529021558348575e+02
2.368406414203438430e+02
1.730960782240225626e+02
1.492089697630638341e+02
2.201853709552716509e+02
1.636288343943803909e+02
1.132506206241296525e+02
2.784213459158526121e+02
