1.453650698162619825e+01
1.343411952897931627e+01
1.736471002938553809e+01
1.315298006368227490e+01
1.629168388352115926e+01
1.443727426020157978e+01
1.466722366313994108e+01
1.318644404585529806e+01
1.911125540156229263e+01
1.207752793253821544e+01
1.163433815433573848e+01
1.879889990199160010e+01
1.041063743975405487e+01
1.821668540327631547e+01
1.837457177486999882e+01
1.698096936275882030e+01
1.775098630800238553e+01
1.838689090641530655e+01
1.715229729911161272e+01
1.818470882362218433e+01
1.940394169592329376e+01
1.284308894199167561e+01
1.575865323396476469e+01
1.190390997798303552e+01
1.360408586569539224e+01
1.912712393982478076e+01
1.470193048063655006e+01
1.025324264442506284e+01
1.728886985932642872e+01
1.861647281953975508e+01
1.590782032439104121e+01
1.362865464615570943e+01
2.042432236342232343e+01
1.592276885747230253e+01
1.535224375156813537e+01
1.641946869083401239e+01
2.008139782912376958e+01
1.259045788720200498e+01
1.245807745766359709e+01
1.410305714754723638e+01
1.487838874211319329e+01
2.046865962706869269e+01
1.866363580354556007e+01
2.236138732163108145e+01
1.676648135064142053e+01
1.302049626668975790e+01
1.224841058344031630e+01
1.452993155072084797e+01
2.008963597249162447e+01
1.803174476328193165e+01
1.623659274123597740e+01
1.241645093910489628e+01
2.017063330284871725e+01
1.550345237637062823e+01
2.113641282504259422e+01
1.924034224324004683e+01
1.741575226593598913e+01
1.362306801260055877e+01
1.268039068814967152e+01
1.320418781184660872e+01
1.603112586446017929e+01
1.862784855275036477e+01
1.763142937323663162e+01
1.781679387213410592e+01
1.542063466301916641e+01
1.732750843344218694e+01
1.351338667009391870e+01
1.143668645978469200e+01
1.814536075139921323e+01
2.006310171387521990e+01
1.544657776766461410e+01
1.733958012377992830e+01
1.415002405638227678e+01
1.837927939322827697e+01
1.488859494380536042e+01
1.568493119621282439e+01
2.040102100294954113e+01
1.723750133615680369e+01
1.682238664163179465e+01
1.593997633735643582e+01
1.771991904992178490e+01
1.695435124753633005e+01
1.721074826124074164e+01
1.630818277257210269e+01
1.718723377616050740e+01
1.636196284723050454e+01
1.590136610185448163e+01
1.720985131235262244e+01
2.081821479494934124e+01
1.706732680269165670e+01
1.649744584237053147e+01
1.423877745538230677e+01
1.284306773849128724e+01
1.844566870849505946e+01
1.715977930255211703e+01
1.391199284146330228e+01
1.523368768081114233e+01
1.422502565509890893e+01
1.502074395871742318e+01
1.251417191210344271e+01
1.402955330692202907e+01
1.609075549139985384e+01
1.465757913900934994e+01
1.573532913714192638e+01
1.626396780469453773e+01
1.788600635126690364e+01
1.422682912241449671e+01
1.593641056965782710e+01
1.340943238940148241e+01
1.815409603785377257e+01
1.883450356905679257e+01
1.630619766140660332e+01
1.278489883185595488e+01
1.245236453484721828e+01
1.609562054655585683e+01
1.426965202387649256e+01
1.426965202387651566e+01
1.338516575759767058e+01
1.484972130227251874e+01
1.484247430782578014e+01
1.418511540422193207e+01
1.796034887623005005e+01
1.591868049018149023e+01
1.667398001538690977e+01
1.662441897786430900e+01
1.632576227120298284e+01
1.329860240449763253e+01
1.330992441609652843e+01
1.288356465041393051e+01
1.242892578883643218e+01
1.391803459709691460e+01
1.449341743541191185e+01
1.394531652457314230e+01
1.394487242407407024e+01
1.772861484389999376e+01
1.799577688677513265e+01
1.578224561919253865e+01
1.559343937946465175e+01
1.320791154868431150e+01
1.655508681574585594e+01
1.710771225343895452e+01
1.660096112087250475e+01
1.822958449666160519e+01
1.569158924700970204e+01
1.690599211864987339e+01
1.690266413362618181e+01
1.581306566784879131e+01
1.733510656546839357e+01
1.620178505520495449e+01
1.613418095152606213e+01
1.531515225748382747e+01
1.507949240876996733e+01
1.194790346825414140e+01
1.396079565680121348e+01
1.574464516899620570e+01
1.459678761644370226e+01
1.721739090200925659e+01
1.611834973790096015e+01
1.437994182249861375e+01
1.549404773303032989e+01
1.629822931950880616e+01
1.605087308598412932e+01
1.732420932649427314e+01
1.415478804197045015e+01
1.415478804197042884e+01
1.469328598148349663e+01
1.474286789010240639e+01
1.504955481533294304e+01
1.976761092719618063e+01
1.762624682475970417e+01
1.603882817245128578e+01
1.436815734447738535e+01
1.604866075178154361e+01
1.577656353954442991e+01
1.705967465720340570e+01
1.898161758072269478e+01
1.604963359480012741e+01
1.546118879729485940e+01
1.672919631800198559e+01
1.665864638335152037e+01
1.532699556221216142e+01
1.507456106668577789e+01
1.573045578935928646e+01
1.454123488380459328e+01
1.722084977784930260e+01
1.604487925962184747e+01
1.847274636713182971e+01
1.426089775258255621e+01
1.433395754817904511e+01
1.549352735058742603e+01
1.982703826753384035e+01
1.903269006484490689e+01
1.629063309072193633e+01
1.270127804812692673e+01
1.851103579030944246e+01
1.677585111352459535e+01
1.628269316592261262e+01
1.637952618180377584e+01
1.433300376682917765e+01
1.907308189451486413e+01
1.604042566309819051e+01
1.577418875800332998e+01
1.946565654803622181e+01
1.162649126815967726e+01
1.273290018029672410e+01
1.839974247924907402e+01
1.654571483026751011e+01
2.024087902608122747e+01
2.151560730203047811e+01
2.098252574187841191e+01
2.123001324510651244e+01
1.735321914185331593e+01
1.919726782981596713e+01
1.218220418245576298e+01
1.624313694764727956e+01
1.992194765694397773e+01
1.253862813348277783e+01
1.579482301146685863e+01
1.447760817957184187e+01
1.466037045315699849e+01
1.508677272944036574e+01
1.140167571455839912e+01
1.408342403417137767e+01
1.919597773668483853e+01
9.422098598305192141e+00
1.002954367738762542e+01
9.546210904508349415e+00
1.665514398246041949e+01
1.748728147899668173e+01
0.000000000000000000e+00
1.391287194585034825e+01
1.548160130887588615e+01
2.129340547086294677e+01
1.084084472775715646e+01
1.493338609150293195e+01
1.564265952881285315e+01
1.310724893109952305e+01
1.516505798428861951e+01
1.636130260465769126e+01
1.529968414729133919e+01
1.646542753081041255e+01
1.611444251255135640e+01
2.025866748509059789e+01
1.650264868488268988e+01
1.490427393834496073e+01
1.106323322949555177e+01
8.915391197778536281e+00
1.101326863791609867e+01
1.252363835919756063e+01
1.211012557296271908e+01
1.183606366508749730e+01
1.365167714957103584e+01
1.359995885603020049e+01
1.339855045059679028e+01
1.387112838275874616e+01
1.320943463476791102e+01
1.320943463476791280e+01
1.451948960104075681e+01
9.803421130946437856e+00
1.068345808473645420e+01
1.000267081713642980e+01
9.102012261827061579e+00
8.500494170518242854e+00
1.718807831066670389e+01
1.516505798428858043e+01
1.461289012677071142e+01
1.641374053579995262e+01
1.445101864079432019e+01
1.494587560697916828e+01
1.479236575505285956e+01
1.429734059662595591e+01
1.508878903417024553e+01
1.337031934211249151e+01
1.372504333407296784e+01
1.353581353236873142e+01
1.270924312229877273e+01
1.032661720036954911e+01
2.479870010727747953e+01
2.455657149293848462e+01
1.766304637024314061e+01
2.209031315110123472e+01
2.200485918415622422e+01
1.823985140239641112e+01
1.901167322406028504e+01
1.830529906005142138e+01
1.089295976138508060e+01
1.003068902175443888e+01
2.479834104016650542e+01
1.706888461228663445e+01
1.426772580333121176e+01
2.143426617123406075e+01
2.338539712606895549e+01
1.508816289051593174e+01
1.440065368197752882e+01
1.202480248446028277e+01
1.717708221754423548e+01
1.712329698863150540e+01
1.224777191337915028e+01
1.285614894582696799e+01
9.821350088798300959e+00
1.435134088210692838e+01
1.084603663967482845e+01
1.216128730058703056e+01
1.156139760167829067e+01
1.002731170395658467e+01
1.034051617697807934e+01
9.483356984795319633e+00
1.087698671488664282e+01
9.809998667516005355e+00
8.483223926975558271e+00
1.453144277026963316e+01
1.968224841724952157e+01
1.826531188114826065e+01
1.223950572339700749e+01
2.210681774513838960e+01
2.015589761500863020e+01
1.776909671390996692e+01
1.637539797373145944e+01
1.008884363271459428e+01
1.663640230456029911e+01
2.033390586525808175e+01
1.370314714325635030e+01
7.586092285302740379e+00
7.085842860021177358e+00
1.380464557709464479e+01
1.821960394027890828e+01
1.768440046564097301e+01
1.936701869446641666e+01
1.893433738361477126e+01
1.890031442528433558e+01
1.887961972749396367e+01
1.628592486169420539e+01
1.582899009727422701e+01
1.535227968867971882e+01
1.384817222664118930e+01
1.748199044463415319e+01
1.704315245517038946e+01
1.701614094745417916e+01
1.700460825790516850e+01
1.770888609759856180e+01
6.892742539772396704e+00
0.000000000000000000e+00
1.059965724046616131e+01
1.694005913404390640e+01
1.549023419811429214e+01
1.168901978577013878e+01
9.561283666121171976e+00
1.938507753487537855e+01
1.713631834962978928e+01
1.780705154340642693e+01
1.570221921883321059e+01
2.103422043063854474e+01
1.901714591389112741e+01
1.299508844396831719e+01
1.594705417679634962e+01
1.578288690941780281e+01
1.375111417848903450e+01
1.801074680003382866e+01
1.859089866085172815e+01
1.552935254109350893e+01
1.679850140214640675e+01
7.203290065233790784e+00
1.206906876485829727e+01
8.721609516530195449e+00
7.566408654165846848e+00
1.539621571715301940e+01
1.224957697038973059e+01
1.762410473085723339e+01
1.604445651376318693e+01
1.352816919665926321e+01
1.438845421795398849e+01
1.850663046856747584e+01
1.789710534794206609e+01
1.499385507970161058e+01
1.415037620652533334e+01
1.204575054605058071e+01
1.298425861879966092e+01
1.002403124624052921e+01
1.985299810469398096e+01
1.351913723576620363e+01
1.323461864458023385e+01
2.357568221117013607e+01
1.997968543470638636e+01
1.973210524331701166e+01
1.792319045311692705e+01
1.415933554152140772e+01
1.400801332162065549e+01
1.468984879809148936e+01
1.468984879809149469e+01
1.392190205090335375e+01
1.675280991139192821e+01
7.868567084231212760e+00
1.614325703618715480e+01
1.495204630792629352e+01
1.274218923687488569e+01
1.318613495104039224e+01
1.451540313438952445e+01
1.832883005813023303e+01
1.782253131086109477e+01
1.391799093296913270e+01
2.033646507822074412e+01
2.430410330093504712e+01
1.886221376507419123e+01
1.958195277746706608e+01
1.696012395402811990e+01
2.215243167118038414e+01
1.770935574988674688e+01
2.411606731171950102e+01
2.255757928208022278e+01
2.071497764383303775e+01
2.145018713797311349e+01
1.508634426185039956e+01
2.020666162715495062e+01
2.212245925733096996e+01
1.583751979348674155e+01
2.223876268907616449e+01
2.209492794205067412e+01
1.283033931603480582e+01
1.647392319915523373e+01
2.018605701443302891e+01
1.422128826512045663e+01
1.836948557210575217e+01
1.205016891967746417e+01
1.848183265637919348e+01
1.835433268156011621e+01
1.717279448602869252e+01
1.520586034783756091e+01
1.154544287783933321e+01
9.553689898681644976e+00
2.198111430117652887e+01
2.308088675369727838e+01
2.265725550629754537e+01
2.308363125420106243e+01
2.261082847648528116e+01
1.538270622256274223e+01
1.558534869534656409e+01
1.634634259446359295e+01
1.998726401563978783e+01
1.952328887299534443e+01
2.108895763345971375e+01
2.075957866576656485e+01
2.074497697077489633e+01
1.550814397560454516e+01
1.669060981019605450e+01
1.574819912235792074e+01
1.679256510210846898e+01
1.445797989391126670e+01
1.397173117984963575e+01
1.377874083699981078e+01
1.559945242592962522e+01
1.554404923155867202e+01
1.540585012588857694e+01
1.516849378508312363e+01
1.536535252539705887e+01
1.522513671837522686e+01
1.509766549589892826e+01
1.527209119613969790e+01
1.577719616755393872e+01
2.102540697776924716e+01
1.367376293823264533e+01
1.575277845413955724e+01
1.659398970995603051e+01
1.908762314037156571e+01
1.292506586242512867e+01
1.377814574303033446e+01
1.108898753905902979e+01
1.181397464091100247e+01
1.177648264633698538e+01
1.130809880588499006e+01
1.152796285861704639e+01
1.194176649118423228e+01
1.142661987307431204e+01
1.062912296228459574e+01
1.134043959079882491e+01
1.013342562409900616e+01
2.203094514310384966e+01
1.249036422438147476e+01
1.119919980588544739e+01
1.237569566184863845e+01
1.677507979991124643e+01
1.946802981659275389e+01
1.596751329788860296e+01
1.301908716178892078e+01
1.890946709359525713e+01
1.432184315420675169e+01
1.306854462587219778e+01
9.756837472089532781e+00
1.220071003502012452e+01
1.364455247439487096e+01
1.195216298144885947e+01
1.473199037762675268e+01
1.495884775014230428e+01
1.770718422653315471e+01
2.127030561472462722e+01
1.283120065991013625e+01
1.297270255410321838e+01
1.156203686134480080e+01
2.243504305124030296e+01
1.693254146006400163e+01
1.498181754832948798e+01
2.091721275912013311e+01
1.619626155099877352e+01
1.179795881746934327e+01
2.637084589217379715e+01
