1.486624712670944604e+01
1.373885357053072909e+01
1.775860396908197103e+01
1.345133685324372763e+01
1.666123773949171749e+01
1.476476345104931731e+01
1.499992893165904384e+01
1.348555991862364323e+01
1.954476725807639781e+01
1.235148960832152909e+01
1.189824669548714731e+01
1.922532641483428506e+01
1.064678805723957566e+01
1.862990520191188182e+01
1.879137300301553637e+01
1.736615868701725063e+01
1.815364237991638419e+01
1.880397157667367480e+01
1.754137295580607514e+01
1.859720327867788825e+01
1.984409272794822598e+01
1.313441628881593282e+01
1.611611604193177527e+01
1.217393337549932752e+01
1.391267535371680175e+01
1.956099575173358218e+01
1.503542302432786926e+01
1.048582298311437633e+01
1.768104347180053537e+01
1.903876123148171828e+01
1.626866677728052224e+01
1.393780144228721163e+01
2.088761929079651836e+01
1.628395439673744605e+01
1.570048773400453257e+01
1.679192116481201325e+01
2.053691599741680207e+01
1.287605465509388658e+01
1.274067136234375397e+01
1.442296509488477341e+01
1.521588399242540390e+01
2.093296228269430515e+01
1.908699404121711396e+01
2.286862383374625196e+01
1.714680531705811362e+01
1.331584784829468759e+01
1.252624849098769033e+01
1.485952254143412432e+01
2.054534101144022884e+01
1.844076944451130373e+01
1.660489693239549069e+01
1.269810060496025983e+01
2.062817565192260005e+01
1.585512631305550890e+01
2.161586251954467741e+01
1.967678225257347080e+01
1.781080402673122620e+01
1.393208808383445252e+01
1.296802745470628082e+01
1.350370617690416708e+01
1.639476932950146093e+01
1.905039500714521594e+01
1.803137346481955561e+01
1.822094269576428260e+01
1.577042999675964907e+01
1.772055850743841887e+01
1.381991877486948361e+01
1.169611155119680923e+01
1.855696265096949915e+01
2.051820486061571458e+01
1.579696158411982765e+01
1.773290402703428725e+01
1.447099738176102690e+01
1.879618740705230451e+01
1.522632170739871960e+01
1.604072172379947148e+01
2.086378937184730376e+01
1.762850972618071665e+01
1.720397874067378652e+01
1.630155220401737637e+01
1.812187040493232004e+01
1.733893677741783534e+01
1.760114979551758196e+01
1.667811088255539431e+01
1.757710191752996565e+01
1.673311088230601129e+01
1.626206614981476761e+01
1.760023250060984523e+01
2.129044661622101486e+01
1.745447502359619563e+01
1.687166711797975438e+01
1.456176402635706424e+01
1.313439460434400985e+01
1.886408267023872298e+01
1.754902467793507626e+01
1.422756676467188264e+01
1.557924238610400458e+01
1.454770028589253883e+01
1.536146833620829710e+01
1.279803824031484716e+01
1.434779392337305381e+01
1.645575157037120206e+01
1.499006563511021284e+01
1.609226287089047247e+01
1.663289296053336486e+01
1.829172516230461554e+01
1.454954466231885313e+01
1.629790555191089751e+01
1.371360643803324741e+01
1.856589608506894962e+01
1.926173770083834214e+01
1.667608074194478718e+01
1.307490621815719933e+01
1.273482884993612885e+01
1.646072698243724375e+01
1.459333894086336869e+01
1.459333894086336514e+01
1.368878935193516710e+01
1.518656627217111676e+01
1.517915488988326445e+01
1.450688472730088741e+01
1.836775404252476207e+01
1.627977329060464129e+01
1.705220571956318310e+01
1.700152045985130655e+01
1.669608914730224569e+01
1.360026243133946267e+01
1.361184126679238560e+01
1.317581013155920822e+01
1.271085842905186070e+01
1.423374556900519572e+01
1.482218015495275587e+01
1.426164634850239210e+01
1.426119217421032204e+01
1.813076345072415307e+01
1.840398568748847552e+01
1.614024358712176976e+01
1.594715454431338486e+01
1.350751438145663208e+01
1.693061559548569051e+01
1.749577656129657655e+01
1.697753049448042262e+01
1.864309689302573858e+01
1.604753080308194768e+01
1.728948068994321829e+01
1.728607721427608368e+01
1.617176274508459244e+01
1.772832899236617976e+01
1.656929968313193413e+01
1.650016207577278848e+01
1.566255487172518812e+01
1.542154941193688700e+01
1.221892479600794346e+01
1.427747660299892551e+01
1.610179022377941749e+01
1.492789514265195905e+01
1.760794311521694056e+01
1.648397175340965148e+01
1.470613050791200038e+01
1.584550833865407959e+01
1.666793164945693917e+01
1.641496448887581749e+01
1.771718456490550508e+01
1.447586943163860340e+01
1.447586943163863360e+01
1.502658243691176843e+01
1.507728904115129254e+01
1.539093272644450039e+01
2.021601128247558421e+01
1.802607335754481710e+01
1.640264635347879363e+01
1.469407871563865520e+01
1.641270197099419192e+01
1.613443261751620739e+01
1.744664929998717540e+01
1.941218878623259769e+01
1.641369688158366458e+01
1.581190404433620422e+01
1.710867452607471506e+01
1.703652426572583423e+01
1.567466682510646869e+01
1.541650620931721782e+01
1.608727897809128748e+01
1.487108227467610533e+01
1.761148045077385405e+01
1.640883470102176034e+01
1.889177454734624817e+01
1.458438609128026542e+01
1.465910314522845326e+01
1.584497615206984023e+01
2.027678664815734777e+01
1.946441977757705644e+01
1.666016311094086078e+01
1.298938861496565167e+01
1.893093251204956218e+01
1.715638761978853566e+01
1.665204308015326262e+01
1.675107261633648292e+01
1.465812772869476710e+01
1.950572783889690243e+01
1.640428008094648149e+01
1.613200396740738896e+01
1.990720749438144566e+01
1.189022181377272069e+01
1.302172805057452365e+01
1.881711466929928633e+01
1.692103101974376855e+01
2.070001480024679807e+01
2.200365848807482649e+01
2.145848472508428628e+01
2.171158613303681761e+01
1.774685242698358678e+01
1.963273075687310509e+01
1.245854029123582407e+01
1.661158958489321691e+01
2.037384892311779439e+01
1.282304921656044883e+01
1.615310627978906766e+01
1.480601228845607054e+01
1.499292026627978913e+01
1.542899487640675638e+01
1.166030663662669475e+01
1.440288663204075092e+01
1.963141139980003658e+01
9.635825607326054865e+00
1.025704972072255750e+01
9.762753226032121034e+00
1.703294241781360796e+01
1.788395577903891365e+01
0.000000000000000000e+00
1.422846581030131041e+01
1.583277958493369475e+01
2.177641632196712962e+01
1.108675399040696696e+01
1.527212887906669714e+01
1.599749118328370479e+01
1.340456837446005878e+01
1.550905592177488401e+01
1.673243566306232211e+01
1.564673588928351577e+01
1.683892251621024627e+01
1.647997589816732855e+01
2.071820676534343875e+01
1.687698797963136599e+01
1.524235635780116382e+01
1.131418706144394726e+01
9.117624264549331059e+00
1.126308909362098376e+01
1.280771942040104605e+01
1.238482668021303645e+01
1.210454806474922052e+01
1.396134617870019845e+01
1.390845472866188359e+01
1.370247765780477245e+01
1.418577535339487916e+01
1.350907201659848944e+01
1.350907201659848411e+01
1.484884373086250875e+01
1.002579790344868726e+01
1.092579725351368758e+01
1.022956728756302347e+01
9.308478564052078852e+00
8.693315883781874476e+00
1.757796560910950845e+01
1.550905592177494441e+01
1.494436291569981634e+01
1.678606307466533210e+01
1.477881960351795243e+01
1.528490170157470907e+01
1.512790969531036112e+01
1.462165558980797364e+01
1.543105691816373870e+01
1.367360616646788785e+01
1.403637657155371343e+01
1.384285435886329907e+01
1.299753436560379605e+01
1.056086193730484624e+01
2.536122362008461195e+01
2.511360265985251061e+01
1.806370764878120383e+01
2.259140072823275247e+01
2.250400835865126581e+01
1.865359668902717871e+01
1.944292619942093125e+01
1.872052893442793575e+01
1.114005118002128114e+01
1.025822104560987391e+01
2.536085640804298080e+01
1.745606816990322585e+01
1.459136902672351788e+01
2.192047224852549903e+01
2.391586185538291076e+01
1.543041657132429911e+01
1.472731218669194675e+01
1.229756815786689472e+01
1.756672008513362115e+01
1.751171481421176068e+01
1.252559533359755761e+01
1.314777254040627597e+01
1.004413355440574662e+01
1.467688079555286862e+01
1.109206367351900901e+01
1.243714893942252608e+01
1.182365158933577831e+01
1.025476711812429720e+01
1.057507619258169385e+01
9.698473553857960283e+00
1.112371580750625100e+01
1.003252464215228734e+01
8.675653889138432717e+00
1.486106804086553090e+01
2.012871244446537489e+01
1.867963470280641403e+01
1.251714163676200364e+01
2.260827970569225087e+01
2.061310570580080892e+01
1.817216359482214472e+01
1.674685076569031139e+01
1.031769481184436010e+01
1.701377561140091643e+01
2.079515182197893353e+01
1.401398369655121812e+01
7.758172082322217555e+00
7.246575204844705631e+00
1.411778447911336976e+01
1.863288994180738101e+01
1.808554613169543757e+01
1.980633218031384857e+01
1.936383610458116067e+01
1.932904138345868361e+01
1.930787725565594926e+01
1.665534808238248488e+01
1.618804839771696535e+01
1.570052448629880004e+01
1.416229846927448399e+01
1.787854472502928260e+01
1.742975231511931966e+01
1.740212808947272549e+01
1.739033379713773542e+01
1.811058718565679015e+01
7.049094676359183964e+00
0.000000000000000000e+00
1.084009550536170430e+01
1.732432046750170684e+01
1.584160829908067392e+01
1.195416870255685637e+01
9.778167891969513192e+00
1.982480066003044783e+01
1.752503154640681871e+01
1.821097937605903994e+01
1.605840190081392649e+01
2.151135203490072456e+01
1.944852302949680478e+01
1.328986368497362314e+01
1.630879059425576116e+01
1.614089942411070311e+01
1.406303879628078768e+01
1.841929517210195399e+01
1.901260695909736498e+01
1.588161398646140476e+01
1.717955169824061201e+01
7.366686534150917787e+00
1.234283855636145688e+01
8.919446919351589287e+00
7.738041955793078408e+00
1.574545714156972309e+01
1.252744133577889940e+01
1.802388267326532301e+01
1.640840236576993050e+01
1.383503662218693719e+01
1.471483599504453288e+01
1.892642726180131518e+01
1.830307592405493722e+01
1.533396952092104648e+01
1.447135751993299912e+01
1.231899139666976950e+01
1.327878820050543318e+01
1.025141224785477156e+01
2.030333534758553427e+01
1.382579978400809750e+01
1.353482729013045471e+01
2.411046328908475900e+01
2.043289640088170600e+01
2.017970020226785621e+01
1.832975273302613672e+01
1.448052008479889530e+01
1.432576533390516182e+01
1.502306728586548701e+01
1.502306728586551543e+01
1.423770075054296669e+01
1.713282376050413802e+01
8.047054423399508494e+00
1.650944403860508913e+01
1.529121237616388385e+01
1.303122781629126514e+01
1.348524381242910231e+01
1.484466456848262972e+01
1.874459369998809422e+01
1.822681028019140115e+01
1.423370091441825380e+01
2.079776908707569305e+01
2.485540758322909838e+01
1.929007646354415684e+01
2.002614173964457933e+01
1.734484042960926686e+01
2.265492831927028661e+01
1.811106749134432903e+01
2.466310626297888220e+01
2.306926613192674580e+01
2.118486767603314291e+01
2.193675435992528122e+01
1.542855668963416882e+01
2.066502122791793283e+01
2.262427602351352363e+01
1.619677157804984091e+01
2.274321763446545219e+01
2.259612019920187720e+01
1.312137745558817059e+01
1.684761089680127455e+01
2.064394922863626292e+01
1.454387811849710488e+01
1.878617142691987851e+01
1.232350999486656207e+01
1.890106694624134676e+01
1.877067481443797092e+01
1.756233509248004054e+01
1.555078382935547765e+01
1.180733495510390796e+01
9.770401870632904107e+00
2.247972485651303387e+01
2.360444409497838691e+01
2.317120337061437496e+01
2.360725085060269990e+01
2.312372320915473622e+01
1.573164120316106640e+01
1.593888033444478225e+01
1.671713630615043300e+01
2.044064689122772194e+01
1.996614712729401120e+01
2.156733087391575765e+01
2.123048040920252788e+01
2.121554749536777607e+01
1.585992433459667339e+01
1.706921273779750692e+01
1.610542479355727608e+01
1.717348074161437665e+01
1.478593876283724029e+01
1.428866018295407692e+01
1.409129212654958252e+01
1.595330398825110407e+01
1.589664405060796959e+01
1.575531009327017884e+01
1.551256965886144457e+01
1.571389386186688419e+01
1.557049745715338673e+01
1.544013472989911939e+01
1.561851703097780053e+01
1.613507959579922968e+01
2.150233866129170579e+01
1.398393295230727951e+01
1.611010800101747620e+01
1.697040094694626333e+01
1.952059893239333732e+01
1.321825273999301231e+01
1.409068353371328719e+01
1.134052557117204074e+01
1.208195798223415629e+01
1.204361553467679258e+01
1.156460706784788073e+01
1.178945842631562968e+01
1.221264861027449022e+01
1.168581661817417583e+01
1.087022961549375211e+01
1.159768145782397752e+01
1.036328808278348390e+01
2.253068604076192472e+01
1.277369050879742041e+01
1.145323784772567599e+01
1.265642085175859854e+01
1.715559881001437503e+01
1.990963459718564721e+01
1.632971380163549568e+01
1.331440677983787602e+01
1.933840166713277853e+01
1.464671395332627490e+01
1.336498611669311742e+01
9.978157560035480600e+00
1.247746592294772761e+01
1.395405989032291494e+01
1.222328093024790618e+01
1.506616478765693934e+01
1.529816809949752887e+01
1.810884671004813029e+01
2.175279247819389283e+01
1.312225833783367079e+01
1.326697000279078509e+01
1.182430534970561808e+01
2.294395033962914709e+01
1.731663226569746428e+01
1.532165893513861121e+01
2.139169020949015021e+01
1.656365088602835556e+01
1.206557886244135958e+01
2.696903131329629133e+01
