1.385254094688333169e+02
1.231822352835000203e+02
1.824303023943332960e+02
1.204564662933333352e+02
1.633941102548333220e+02
1.358540473781666549e+02
1.433141547509999896e+02
1.178482471725000096e+02
1.898658602443333621e+02
1.022091496000000035e+02
9.308500274133334074e+01
1.851435934988332974e+02
8.054041491999998925e+01
1.862217832251666607e+02
1.861500322991666962e+02
1.683703507433333186e+02
1.850097822719999954e+02
1.861977574981666805e+02
1.684509016326666710e+02
1.873993659863332937e+02
1.855756955833332995e+02
1.092153679266666728e+02
1.506572530351666614e+02
9.936090778950000413e+01
1.258724928921666617e+02
1.812585430629999905e+02
1.282729739273333109e+02
7.802076749649998533e+01
1.683140845643333137e+02
1.891073034128333461e+02
1.506024007541666663e+02
1.250561267813333188e+02
2.186883458593333671e+02
1.507492676460000212e+02
1.484606493556666464e+02
1.686264310029999933e+02
2.163543783438333321e+02
1.124051126325000070e+02
1.044924539243333186e+02
1.362098104989999854e+02
1.389477477204999900e+02
2.142976079190000291e+02
1.896342026675000056e+02
2.391968304426666236e+02
1.642364139260000115e+02
1.139607958253333351e+02
1.055880555756666581e+02
1.344981237793332980e+02
2.094452170554999952e+02
1.838224276198333484e+02
1.592605467101666648e+02
1.084185348536666567e+02
2.198752214053332921e+02
1.471572877338333285e+02
2.226992742161666570e+02
1.971702934031666814e+02
1.726210431886666470e+02
1.219350654244999816e+02
1.083904498509999996e+02
1.149148578858333423e+02
1.630752354504999744e+02
1.942921946134999871e+02
1.791269238936666284e+02
1.820038556734999986e+02
1.459315198639999949e+02
1.714437367423333001e+02
1.201842750824999939e+02
9.475576660083331149e+01
2.076038922543332887e+02
2.351728975796666532e+02
1.630150662074999843e+02
1.888212175501666366e+02
1.412891301331666511e+02
2.117043951003333007e+02
1.423967171293333251e+02
1.649164486909999709e+02
2.196458578833333490e+02
1.885229715613333212e+02
1.685466715900000167e+02
1.543342720781666912e+02
1.935822843809999654e+02
1.845677813161666450e+02
1.714117035743333304e+02
1.568655544668333164e+02
1.707016216328333087e+02
1.574933136046666391e+02
1.599612094698333351e+02
1.733299525985000002e+02
2.213639748506666365e+02
1.706540260289999935e+02
1.581353190059999747e+02
1.403006812046666596e+02
1.149278751214999943e+02
1.800799343909999948e+02
1.814192311710000070e+02
1.353388592969999991e+02
1.433000566623333043e+02
1.350389009434999821e+02
1.401279180516666543e+02
1.103034614799999815e+02
1.255476105326666811e+02
1.572415228428333194e+02
1.292245894023333221e+02
1.512570606181666619e+02
1.584125806058333410e+02
1.873719671163333089e+02
1.296203220066666404e+02
1.527986451436666755e+02
1.232278415716666586e+02
1.981197099406666666e+02
1.965862638041666628e+02
1.584362450359999741e+02
1.063126776126666755e+02
1.030620898041666607e+02
1.551265991194999572e+02
1.296413704268333333e+02
1.296413704268333333e+02
1.188811614096666744e+02
1.469032695893333198e+02
1.494738944308333259e+02
1.393939706091666721e+02
1.900546191169999588e+02
1.560685521793333237e+02
1.741978120713333169e+02
1.728743229831666781e+02
1.664272469116666571e+02
1.231296628474999864e+02
1.253625331435000021e+02
1.176695462799999916e+02
1.063216681123333274e+02
1.248917132763333484e+02
1.324771178694999776e+02
1.325116195188333279e+02
1.254582427545000201e+02
1.793156303458332843e+02
1.827447980050000069e+02
1.514407651070000043e+02
1.484783018074999745e+02
1.201597780875000012e+02
1.639962203686666555e+02
1.699102758201666461e+02
1.550910027875000026e+02
1.883000381448333087e+02
1.646784220003333132e+02
1.878699677595000139e+02
1.697837607481666566e+02
1.556452261904999830e+02
1.714565980726666226e+02
1.564807327871666587e+02
1.559823832806666530e+02
1.431328057323333383e+02
1.399845206579999797e+02
9.676158127866665382e+01
1.254084544263333356e+02
1.459765221256666621e+02
1.308905811744999710e+02
1.725323808368333403e+02
1.581541038346666710e+02
1.313136715063333213e+02
1.458863358664999907e+02
1.549858072198333048e+02
1.516649722828333324e+02
1.733546539889999849e+02
1.321659240858333249e+02
1.321659240858333249e+02
1.450098269985000172e+02
1.428940591888333529e+02
1.491435803910000004e+02
2.153864596721666658e+02
1.901598263966666309e+02
1.657284677474999910e+02
1.320111578458333383e+02
1.529876360571666396e+02
1.494829206028333601e+02
1.671675580449999927e+02
1.958237320024999519e+02
1.553394686476666777e+02
1.448232919436666748e+02
1.623639011813333468e+02
1.644804291371666523e+02
1.432781297443333415e+02
1.399849399119999873e+02
1.458507309443333213e+02
1.304796776373333387e+02
1.725910346494999885e+02
1.576814614973333164e+02
1.900708330748333310e+02
1.296614556303333359e+02
1.310026937316666817e+02
1.458660755791666475e+02
2.132491748411666777e+02
1.928726155541666287e+02
1.550689152413333147e+02
1.079641406650000022e+02
1.879286238039999830e+02
1.634818510626666352e+02
1.698228398874999812e+02
1.680305654415000163e+02
1.317034581124999590e+02
1.976692614188332868e+02
1.529513636851666547e+02
1.495095346793333420e+02
2.163642049026666427e+02
9.120886265650000269e+01
1.051606493031666787e+02
1.820055679806666262e+02
1.562946380831666602e+02
2.062115660210000101e+02
2.306119721700000014e+02
2.255958994105000102e+02
2.285069780001666118e+02
1.742576191711666524e+02
2.012561045456666591e+02
1.021274705278333386e+02
1.628077300496666453e+02
2.182074319688333048e+02
1.032176554790000012e+02
1.485184839578333253e+02
1.403131251793333263e+02
1.432316891479999867e+02
1.564251668899999856e+02
9.062682834016666789e+01
1.300555893866666679e+02
2.051017725865000330e+02
6.667925238883333350e+01
7.421082774116666769e+01
6.667744819983332150e+01
1.630580556044999696e+02
1.760402615345000186e+02
0.000000000000000000e+00
1.252767367131666560e+02
1.446167386883333279e+02
2.297919374153333365e+02
8.722455642950001220e+01
1.386803411053333264e+02
1.484009772921666581e+02
1.148121448029999954e+02
1.385671911119999891e+02
1.608550987091666684e+02
1.442265447153333184e+02
1.604145742506666465e+02
1.555329272323333214e+02
2.125819946271666652e+02
1.581127315235000026e+02
1.376595124349999821e+02
8.806820857933333002e+01
6.094171885416666612e+01
8.748943884549998984e+01
1.074786510263333241e+02
9.761226737599999126e+01
9.478131386333332387e+01
1.236307185634999826e+02
1.248637907410000025e+02
1.167175106090000014e+02
1.256582272519999890e+02
1.177002053326666555e+02
1.177002053326666555e+02
1.328336151676666645e+02
7.185572926816666950e+01
8.329892331649998027e+01
7.313032141783332918e+01
6.334509079933332742e+01
5.631117696416664842e+01
1.947795545468333387e+02
1.385671911119999891e+02
1.376805224616666692e+02
1.786962614598333232e+02
1.469207639543333244e+02
1.540364780251666730e+02
1.485660445751666430e+02
1.384141474241666572e+02
1.573181099333333179e+02
1.260552456564999773e+02
1.314433355308333375e+02
1.258061010355000064e+02
1.125838656721666666e+02
7.961649576683332441e+01
2.734215365376666114e+02
2.691537111999999752e+02
1.870214709726666626e+02
2.275572187291666637e+02
2.286484094961666642e+02
1.763199927311666499e+02
1.904593964789999632e+02
1.785921305454999697e+02
8.398509755850000147e+01
7.393550890550000076e+01
2.675692511075000084e+02
1.641234994983333308e+02
1.240888045318333468e+02
2.099156781154999862e+02
2.368015025236666702e+02
1.386653523381666560e+02
1.269322557170000039e+02
9.938633190999999556e+01
1.782881466806666424e+02
1.769419439806666787e+02
1.038817532554999872e+02
1.110823675434999842e+02
7.126504388366666376e+01
1.267259656899999811e+02
8.518096918599999867e+01
1.031245142041666583e+02
9.456640382083332952e+01
7.424125123133332238e+01
7.782720246799999586e+01
6.849110532816666819e+01
8.579266762999999685e+01
7.243407061083333076e+01
5.614564266700000417e+01
1.267047285968333199e+02
1.985735770531666731e+02
1.773492831023333167e+02
9.985854188566665357e+01
2.284085585856666967e+02
2.026915450006666219e+02
1.729351516433333131e+02
1.520160506573333237e+02
7.590819265933333782e+01
1.652546983213333363e+02
2.185103064230000030e+02
1.224866808291666587e+02
4.648156935016667290e+01
4.127019604783333051e+01
1.282580585756666665e+02
1.827985955096666544e+02
1.727312736038333298e+02
1.998499041671666419e+02
1.936886732538333149e+02
1.937959437951666644e+02
1.933219304994999561e+02
1.571003568964999886e+02
1.478349347343333307e+02
1.474303771528333300e+02
1.260804261320000137e+02
1.745814725174999751e+02
1.683799346443333320e+02
1.733328636553333126e+02
1.684691572961666566e+02
1.767312857753333049e+02
3.961765908449999785e+01
0.000000000000000000e+00
8.235461309149999920e+01
1.726390582436666250e+02
1.456109014685000034e+02
9.627425624999997922e+01
6.858424364816666241e+01
1.991166182398333149e+02
1.726598157148333144e+02
1.777976304261666485e+02
1.507024145778333377e+02
2.285075516310000125e+02
2.122563848528333210e+02
1.178182569543333358e+02
1.544654140589999827e+02
1.529310977464999723e+02
1.255809322993333268e+02
1.886675441509999587e+02
2.008621094420000190e+02
1.470796356124999988e+02
1.645764065276666770e+02
4.261561347166666280e+01
1.005627858241666672e+02
5.882535719333333191e+01
4.608098426783332258e+01
1.481947323036666546e+02
9.947659379633333288e+01
1.707735964720000084e+02
1.499176684371666397e+02
1.147769210888333333e+02
1.242013866374999935e+02
2.048648313096666698e+02
1.969499734730000000e+02
1.374052370744999791e+02
1.288657965733333413e+02
9.767343363833333569e+01
1.119675683264999861e+02
7.386634928149999268e+01
2.016032778869999902e+02
1.231644465839999896e+02
1.141055795863333202e+02
2.516803439509999976e+02
2.006520857666666871e+02
1.985234326151666551e+02
1.761051486641666202e+02
1.256279279574999919e+02
1.237201735511666527e+02
1.462372638581666706e+02
1.462372638581666706e+02
1.219073764716666517e+02
1.729025820798333370e+02
4.946297289533333696e+01
1.724404571143333271e+02
1.502697227531666613e+02
1.151744974921666795e+02
1.183690552834999892e+02
1.365238559286666487e+02
1.775112959974999853e+02
1.788208004955000092e+02
1.270114045056666612e+02
2.151516382401666760e+02
2.678274652966666167e+02
1.942965841878333322e+02
2.028293875935000017e+02
1.688523082313332964e+02
2.284002288649999741e+02
1.776092516510000223e+02
2.656317339930000117e+02
2.439761457444999735e+02
2.189762718554999879e+02
2.278902837268333599e+02
1.436990644423333379e+02
2.027305272236666269e+02
2.286165593559999820e+02
1.525987612826666577e+02
2.404279594549999786e+02
2.494421374013333264e+02
1.117074604708333396e+02
1.524199590868333303e+02
2.029767227403333436e+02
1.259903389276666559e+02
1.781604798980000055e+02
1.017692796673333362e+02
1.902787707046666696e+02
1.991699062446666630e+02
1.721329008391666378e+02
1.421968590976666746e+02
9.429562449533332824e+01
6.794199248083333487e+01
2.330140326466666920e+02
2.497479276076666395e+02
2.435756157841666720e+02
2.446447351473333356e+02
2.436279936966666355e+02
1.466930068801666778e+02
1.497642399159999798e+02
1.626034427251666443e+02
2.071131544853333253e+02
1.977032691664999788e+02
2.236984219843333221e+02
2.183123074653333333e+02
2.183574968588333434e+02
1.468386358574999804e+02
1.603827188326666828e+02
1.500824581396666417e+02
1.644719496256666673e+02
1.323701477424999950e+02
1.228796103914999946e+02
1.205238088428333327e+02
1.559180058954999879e+02
1.490050387928333180e+02
1.494342785419999871e+02
1.431236836731666529e+02
1.497557792168333037e+02
1.437864667216666703e+02
1.429413031063333221e+02
1.420567729354999642e+02
1.511216335504999790e+02
2.287515990381666597e+02
1.220505675951666547e+02
1.499518962934999990e+02
1.618323550948333036e+02
1.923113166753333303e+02
1.180838433039999842e+02
1.334465067053333200e+02
8.629392899116665205e+01
9.872533604799998841e+01
9.970243034033332208e+01
9.314790373316665750e+01
9.154899722066666357e+01
1.000002021090000000e+02
9.261882543166666437e+01
8.107942978883332330e+01
9.244415446333334785e+01
7.236492867649999994e+01
2.486884614791666763e+02
1.070199551029999867e+02
8.938897863916665187e+01
1.095265072801666548e+02
1.654558703010000045e+02
2.136300478559999760e+02
1.522856317219999767e+02
1.170347200848333387e+02
2.091832836398333484e+02
1.289377639746666659e+02
1.153287599666666665e+02
7.199229596933332687e+01
1.067319817211666759e+02
1.306279804156666557e+02
9.961828299566664668e+01
1.355934020148333161e+02
1.396714364911666451e+02
1.972234940206666636e+02
2.612555803589999641e+02
1.090963800945000060e+02
1.099510878835000085e+02
9.337244440066663742e+01
2.372526620921666449e+02
1.730263702696666428e+02
1.381187552838333090e+02
2.388888146248333442e+02
1.555085812691666547e+02
1.000985988958333337e+02
2.937285140803332979e+02
